[header]
width=40
height=10
tilewidth=16
tileheight=16
orientation=orthogonal
background_color=0,0,0,255

[tilesets]
tileset=mapSprite.png,16,16,0,0

[layer]
type=Tile Layer 1
data=
113,113,113,113,113,113,113,113,113,113,113,113,113,113,113,113,113,113,113,113,113,113,113,113,113,113,113,113,113,113,113,113,113,113,113,113,113,113,113,113,
113,0,0,0,0,0,0,116,0,0,0,0,0,0,0,0,0,0,0,0,0,0,0,0,0,0,0,0,0,0,0,0,0,0,0,0,0,0,0,113,
113,0,0,0,0,0,0,0,0,0,0,97,98,0,0,114,115,116,0,0,0,0,114,115,0,0,0,0,0,0,0,0,0,0,0,0,0,0,0,113,
113,0,114,115,0,0,0,0,0,0,116,0,0,0,0,0,0,0,116,114,115,116,0,0,0,97,98,0,0,97,98,0,116,0,0,0,0,0,0,113,
113,0,0,0,0,0,0,0,114,115,0,0,0,97,98,0,0,0,0,0,0,0,0,0,0,0,0,114,115,0,0,0,0,114,115,116,0,0,0,113,
113,0,0,0,0,0,97,98,0,0,0,0,0,0,0,116,0,0,0,0,0,0,0,0,0,0,0,0,0,0,0,0,0,0,0,0,0,0,0,113,
113,0,0,0,0,0,0,0,0,0,0,0,0,0,0,0,116,0,0,0,0,0,0,0,0,0,0,0,0,0,0,0,0,0,0,0,116,114,115,113,
113,0,0,0,114,115,0,0,0,0,0,0,0,0,0,0,0,116,0,0,0,0,116,97,98,0,0,0,114,115,0,0,0,0,97,98,0,0,0,113,
113,114,115,116,0,0,0,0,0,0,0,114,115,116,0,0,0,0,116,114,115,0,0,0,0,0,116,0,0,0,0,0,0,116,0,0,0,0,0,113,
113,113,113,113,113,113,113,113,113,113,113,113,113,113,113,113,113,113,113,113,113,113,113,113,113,113,113,113,113,113,113,113,113,113,113,113,113,113,113,113

[ObjectsLayer]
type=goal
location=38,6,1,1

[ObjectsLayer]
type=player
location=1,7,1,1

[ObjectsLayer]
type=enemy
location=19,3,1,1

