[header]
width=40
height=40
tilewidth=16
tileheight=16
orientation=orthogonal
background_color=0,0,0,255

[tilesets]
tileset=../../../../../../Platform Game/CS3113/project_template/Windows/NYUCodebase/NYUCodebase/mapSprite.png,16,16,0,0

[layer]
type=Tile Layer 1
data=
0,0,0,0,0,0,116,0,0,0,0,0,116,0,0,0,116,0,0,0,0,116,0,0,116,0,0,0,0,0,0,116,0,0,116,0,0,0,0,116,
0,0,0,0,0,0,116,0,0,0,0,0,116,0,0,0,116,0,0,0,0,116,0,0,116,0,0,0,0,0,0,116,0,0,116,0,0,0,0,116,
0,0,0,0,0,0,116,0,49,49,49,0,116,0,0,0,116,49,0,0,0,116,0,0,116,0,0,49,0,0,0,116,0,0,116,0,49,0,0,116,
0,0,0,0,0,0,116,0,0,0,0,0,116,0,0,0,116,0,49,0,0,116,0,0,116,0,49,49,49,0,0,116,0,0,116,0,0,0,0,116,
0,0,0,0,0,0,116,49,0,0,0,0,116,0,0,0,116,0,0,49,0,116,0,0,116,0,0,0,0,0,0,116,0,0,116,0,0,49,0,116,
0,0,0,0,0,0,116,0,49,0,0,0,116,0,0,0,116,0,0,0,0,116,0,0,116,0,0,0,0,0,49,116,0,0,116,0,0,0,0,116,
0,0,0,0,0,0,116,0,0,49,0,0,116,0,0,0,116,0,0,0,49,116,0,0,116,0,0,0,0,0,0,116,0,0,116,0,49,0,0,116,
0,0,0,0,0,0,116,0,0,0,49,0,116,0,0,0,116,0,0,0,0,116,0,0,116,0,0,49,49,0,0,116,0,0,116,0,0,0,0,116,
0,0,0,0,0,0,116,0,0,0,0,0,116,0,0,0,116,0,49,49,0,116,0,0,116,0,0,0,0,0,0,116,0,0,116,0,0,49,49,116,
0,0,0,0,0,0,116,0,0,0,0,0,116,0,0,0,116,0,0,0,0,116,0,0,116,49,49,0,0,0,0,116,0,0,116,0,0,0,0,116,
0,0,0,0,0,0,116,0,0,0,0,0,116,0,0,0,116,49,0,0,0,116,0,0,116,0,0,0,0,0,0,116,0,0,116,49,49,0,0,116,
0,0,0,0,0,113,116,0,0,0,0,113,116,0,0,0,116,49,49,0,0,116,0,0,116,0,0,49,49,49,0,116,0,0,116,0,0,0,0,116,
0,0,0,113,113,0,0,0,0,113,113,113,0,0,0,0,113,0,0,0,113,113,0,0,113,0,0,0,0,0,0,113,0,113,113,0,0,113,113,113,
0,0,113,113,0,0,0,0,113,0,0,0,0,0,0,113,113,0,0,0,113,0,0,0,113,113,0,0,0,0,0,113,113,0,0,0,113,113,0,0,
0,113,0,0,0,0,113,113,0,0,0,0,0,0,113,0,0,0,0,113,113,0,0,0,0,113,113,0,0,0,0,113,0,0,0,0,113,0,0,0,
113,0,0,0,0,113,0,0,0,0,0,0,113,113,0,0,0,0,113,0,0,0,0,0,0,0,113,0,0,0,0,0,0,0,0,113,113,0,0,0,
113,0,0,0,113,0,0,0,0,0,113,113,113,0,0,0,0,0,113,0,0,0,0,0,0,0,113,113,113,0,0,0,0,0,0,113,0,0,0,0,
113,0,0,0,0,113,0,0,113,113,0,0,0,0,0,0,113,113,113,41,41,41,0,0,0,113,113,0,0,113,113,113,0,0,0,113,0,0,0,0,
0,113,0,0,0,113,113,0,113,0,0,0,0,0,0,113,0,0,41,0,0,0,0,0,113,113,0,0,0,0,0,0,0,0,113,113,0,0,0,0,
0,113,113,0,0,0,113,0,113,0,0,0,0,113,113,113,0,0,41,0,41,41,49,0,113,0,0,0,0,0,0,0,0,0,113,0,0,0,0,0,
0,0,113,0,0,0,0,113,0,0,0,0,113,113,0,0,0,0,41,0,0,41,41,113,113,0,0,0,0,0,0,0,0,113,113,0,0,0,0,0,
0,0,113,113,0,0,0,0,0,0,0,113,113,0,41,41,41,0,0,41,41,41,41,113,0,0,0,0,0,0,0,0,113,113,0,0,0,0,0,0,
0,0,0,113,113,0,0,0,0,0,113,113,0,49,0,0,0,0,0,0,0,0,113,0,0,0,0,0,0,0,113,113,113,0,0,0,0,0,0,0,
0,0,0,0,113,113,0,0,0,113,0,0,0,41,0,41,41,41,0,0,0,0,113,0,0,0,0,0,0,113,113,0,0,0,0,0,0,0,0,0,
0,0,0,0,0,113,0,0,0,0,113,0,0,41,0,0,41,41,0,0,0,113,113,0,0,0,0,113,113,113,0,0,0,0,0,0,0,0,0,0,
0,0,0,0,0,113,113,113,0,0,0,113,0,0,41,41,41,41,0,0,0,113,0,0,0,0,113,113,0,0,0,0,0,0,0,0,0,0,0,0,
0,0,0,0,0,0,0,113,113,0,0,0,113,0,0,0,0,0,0,0,113,113,0,0,0,113,0,0,0,0,0,0,0,0,0,0,0,0,0,0,
0,0,0,0,0,0,0,0,113,0,0,0,0,113,0,0,0,0,113,113,113,0,0,0,113,0,0,0,0,0,0,0,0,0,0,0,0,0,0,0,
0,0,0,0,0,0,0,0,0,113,113,0,0,0,113,113,113,113,113,0,0,0,0,113,0,0,0,0,0,0,0,0,0,0,0,0,0,0,0,0,
0,0,0,0,0,0,0,0,0,0,113,0,0,0,0,0,0,0,0,0,0,0,113,0,0,0,0,0,0,0,0,0,0,0,0,0,0,0,0,0,
0,0,0,0,0,0,0,0,0,0,0,113,0,0,0,0,0,0,0,0,0,113,0,0,0,0,0,0,0,0,0,0,0,0,0,0,0,0,0,0,
0,0,0,0,0,0,0,0,0,0,0,0,113,0,0,0,0,0,0,0,113,0,0,0,0,0,0,0,0,0,0,0,0,0,0,0,0,0,0,0,
0,0,0,0,0,0,0,0,0,0,0,0,0,0,0,0,0,0,113,113,0,0,0,0,0,0,0,0,0,0,0,0,0,0,0,0,0,0,0,0,
0,0,0,0,0,0,0,0,0,0,0,0,0,0,0,0,113,113,0,0,0,0,0,0,0,0,0,0,0,0,0,0,0,0,0,0,0,0,0,0,
0,0,0,0,0,0,0,0,0,0,0,0,0,0,113,113,0,0,0,0,0,0,0,0,0,0,0,0,0,0,0,0,0,0,0,0,0,0,0,0,
0,0,0,0,0,0,0,0,0,0,0,0,0,113,0,0,0,0,0,0,0,0,0,0,0,0,0,0,0,0,0,0,0,0,0,0,0,0,0,0,
0,0,0,0,0,0,0,0,0,0,0,0,0,0,0,0,0,0,0,0,0,0,0,0,0,0,0,0,0,0,0,0,0,0,0,0,0,0,0,0,
0,0,1,18,19,2,17,18,19,20,17,18,19,1,17,18,3,20,17,18,19,20,17,18,19,1,1,18,19,17,18,19,20,17,18,19,20,17,18,19,
6,6,34,34,35,34,35,34,35,33,35,1,18,35,33,34,35,3,3,34,35,36,33,35,1,1,34,35,34,35,34,34,36,34,34,35,33,35,34,35,
21,21,35,34,34,35,34,35,34,35,1,18,34,35,34,35,34,35,34,3,34,35,33,34,1,35,34,34,35,34,35,35,34,34,34,35,34,34,34,35

[ObjectsLayer]
type=earth
location=39,37,1,1

[ObjectsLayer]
type=heaven
location=36,1,1,1

[ObjectsLayer]
type=hell
location=27,1,1,1

[ObjectsLayer]
type=hell
location=19,1,1,1

[ObjectsLayer]
type=hell
location=8,1,1,1

[ObjectsLayer]
type=player
location=0,37,1,1

[ObjectsLayer]
type=enemy
location=18,23,1,1

