[header]
width=20
height=10
tilewidth=16
tileheight=16
orientation=orthogonal
background_color=0,0,0,255

[tilesets]
tileset=mapSprite.png,16,16,0,0

[layer]
type=Tile Layer 1
data=
0,0,0,0,0,0,0,0,114,115,116,0,0,0,0,0,0,0,0,0,
0,0,0,0,0,0,0,0,0,0,0,0,0,0,0,0,0,0,0,0,
0,0,97,98,0,0,0,0,0,0,0,0,0,0,0,0,97,98,0,0,
0,0,0,0,0,0,0,0,0,0,1,18,3,0,0,0,0,0,0,0,
3,0,0,0,0,0,0,0,0,0,0,0,0,0,0,0,0,0,0,0,
36,0,0,0,0,0,0,1,18,3,0,0,0,0,0,0,0,0,0,0,
36,0,0,0,0,0,0,0,0,0,0,0,0,1,3,0,0,0,1,19,
33,0,0,1,18,19,3,0,0,0,0,0,0,0,0,0,0,1,19,36,
33,17,18,35,34,35,34,19,3,0,0,1,3,0,0,1,19,36,36,33,
36,33,35,36,33,36,33,33,34,19,19,34,35,0,0,33,33,36,33,33

[enemy]
# enemy
type=enemy
location=10,9,1,1

[goal]
# goal
type=goal
location=19,6,1,1

