[header]
width=40
height=10
tilewidth=16
tileheight=16
orientation=orthogonal
background_color=0,0,0,255

[tilesets]
tileset=mapSprite.png,16,16,0,0

[layer]
type=Tile Layer 1
data=
113,113,113,113,6,6,6,6,6,6,6,6,6,6,6,6,6,21,21,21,21,21,21,21,21,21,21,6,6,6,6,6,6,6,21,21,21,21,21,21,
113,113,113,113,6,0,0,0,0,0,0,0,8,0,0,0,6,21,21,21,21,21,21,21,21,21,21,6,0,0,0,0,0,6,21,21,21,21,21,21,
113,113,113,113,6,0,0,0,0,0,0,0,6,0,0,0,6,21,21,21,21,21,21,21,21,21,21,6,0,0,6,6,6,6,21,21,21,21,21,21,
116,116,116,116,6,6,6,8,8,6,0,0,6,0,0,0,6,6,6,6,6,6,6,6,6,6,6,6,0,0,6,21,21,21,21,21,21,21,21,21,
116,0,0,0,0,0,0,0,0,6,0,0,0,0,0,0,0,0,0,0,0,0,0,0,0,0,0,0,0,0,6,6,6,6,6,6,6,6,6,6,
116,0,0,116,6,0,0,0,0,6,0,0,0,0,0,0,0,0,0,0,0,0,0,0,0,0,0,0,0,0,0,0,0,0,0,0,0,0,0,0,
116,114,115,116,6,0,0,0,6,6,0,0,0,0,0,0,0,0,0,0,0,0,0,0,0,0,0,0,0,0,0,6,6,6,6,6,6,6,6,6,
113,113,113,113,6,0,0,0,6,0,0,0,6,0,0,0,6,6,6,6,6,6,0,0,0,6,6,6,6,6,6,6,21,21,21,21,21,21,21,21,
113,113,113,113,6,0,0,0,0,0,0,0,6,0,0,0,6,21,21,21,21,6,96,0,96,6,85,6,86,6,85,6,21,21,21,21,21,21,21,21,
113,113,113,113,6,6,6,6,6,6,6,6,6,6,6,6,6,21,21,21,21,6,6,6,6,6,101,6,102,6,101,6,21,21,21,21,21,21,21,21

[ObjectsLayer]
type=enemy
location=12,4,1,1

[ObjectsLayer]
type=enemy
location=15,6,1,1

[ObjectsLayer]
type=weapon
location=12,2,1,1

[ObjectsLayer]
type=weapon
location=5,3,1,1

[ObjectsLayer]
type=weapon
location=14,8,1,1

[ObjectsLayer]
type=dest
location=39,5,1,1

[ObjectsLayer]
type=weapon
location=31,2,1,1

[ObjectsLayer]
type=enemy
location=31,6,1,1

[ObjectsLayer]
type=key
location=22,9,1,1

